0.000062
0.000087
0.000130
0.000178
0.000245
0.000293
0.000326
0.000396
0.000491
0.000562
0.000669
0.000773
0.000889
0.001008
0.001133
0.001234
0.001389
0.001560
0.001678
0.001861
0.002033
0.002231
0.002428
0.002620
0.002833
0.003041
0.003300
0.003478
0.003736
0.003972
0.004240
0.004556
0.004790
0.005141
0.005554
0.005649
0.005940
0.006299
0.006658
0.006910
0.007275
0.007656
0.007975
0.008562
0.008858
0.009089
0.009478
0.009931
0.010345
0.010802
0.010991
0.011641
0.012091
0.012378
0.012921
0.013342
0.013799
0.014296
0.014813
0.015312
0.015629
0.016879
0.017804
0.018334
0.022294
0.019909
0.021429
0.019689
0.020072
0.020779
0.021287
0.021834
0.023032
0.023246
0.023736
0.025200
0.025255
0.025546
0.026653
0.026758
0.027691
0.028256
0.028794
0.030136
0.033888
0.032050
0.031623
0.032311
0.033178
0.033581
0.034484
0.035328
0.036011
0.037104
0.037488
0.038375
0.039270
0.039782
0.040708
